r00, r01, r02, x, r10, r11, r12, y, r20, r21, r22, z, -, -, -, one, dist
-0.965926,0,-0.258819,-429.354,0,1,0,-526,0.258819,0,-0.965926,289.778,0,0,0,1
-0.967849,-0.0262697,-0.250156,-429.367,-0.0265142,0.999646,-0.00239318,-524.611,0.25013,0.00431645,-0.968203,289.778,0,0,0,1
-0.968986,-0.0525953,-0.241455,-429.404,-0.0529705,0.998584,-0.00494143,-523.222,0.241373,0.0080018,-0.9704,289.778,0,0,0,1
-0.969334,-0.0789481,-0.232717,-429.466,-0.0793511,0.996817,-0.00764489,-521.834,0.23258,0.0110559,-0.972514,289.778,0,0,0,1
-0.968895,-0.105301,-0.223947,-429.553,-0.105639,0.994349,-0.0105039,-520.447,0.223787,0.0134805,-0.974544,289.778,0,0,0,1
-0.96767,-0.131627,-0.215147,-429.665,-0.131819,0.991182,-0.0135186,-519.062,0.215029,0.015279,-0.976488,289.778,0,0,0,1
-0.96566,-0.157899,-0.206319,-429.801,-0.157875,0.987318,-0.0166892,-517.679,0.206338,0.0164565,-0.978342,289.778,0,0,0,1
-0.962869,-0.184089,-0.197468,-429.963,-0.183787,0.982762,-0.0200157,-516.299,0.197749,0.0170196,-0.980105,289.778,0,0,0,1
-0.9593,-0.210172,-0.188596,-430.149,-0.209543,0.977517,-0.0234983,-514.922,0.189295,0.016977,-0.981772,289.778,0,0,0,1
-0.954963,-0.236118,-0.179707,-430.359,-0.235122,0.971587,-0.0271366,-513.549,0.181008,0.0163385,-0.983346,289.778,0,0,0,1
-0.949858,-0.261903,-0.170803,-430.594,-0.260509,0.964976,-0.0309308,-512.179,0.172921,0.0151158,-0.984818,289.778,0,0,0,1
-0.944,-0.2875,-0.161887,-430.854,-0.285687,0.957688,-0.0348804,-510.814,0.165066,0.0133221,-0.986193,289.778,0,0,0,1
-0.937392,-0.312885,-0.152964,-431.138,-0.310641,0.949728,-0.0389853,-509.454,0.157472,0.0109722,-0.987462,289.778,0,0,0,1
-0.930046,-0.338031,-0.144036,-431.446,-0.335351,0.9411,-0.0432452,-508.099,0.15017,0.00808246,-0.988626,289.778,0,0,0,1
-0.921975,-0.362917,-0.135106,-431.778,-0.359804,0.93181,-0.0476598,-506.75,0.14319,0.00467056,-0.989684,289.778,0,0,0,1
-0.913187,-0.387516,-0.126178,-432.135,-0.383981,0.921863,-0.0522284,-505.407,0.136558,0.000755697,-0.990632,289.778,0,0,0,1
-0.903696,-0.411806,-0.117256,-432.515,-0.407865,0.911264,-0.0569507,-504.071,0.130304,-0.00364152,-0.991467,289.778,0,0,0,1
-0.893516,-0.435763,-0.108343,-432.92,-0.431439,0.900021,-0.0618259,-502.741,0.124452,-0.00849924,-0.992189,289.778,0,0,0,1
-0.882661,-0.459368,-0.0994413,-433.348,-0.454687,0.888139,-0.0668534,-501.42,0.119028,-0.0137943,-0.992794,289.778,0,0,0,1
-0.871147,-0.482598,-0.0905558,-433.799,-0.477591,0.875625,-0.0720323,-500.106,0.114056,-0.0195022,-0.993282,289.778,0,0,0,1
-0.85899,-0.505434,-0.0816895,-434.274,-0.500134,0.862486,-0.077362,-498.8,0.109557,-0.0255975,-0.993651,289.778,0,0,0,1
-0.846204,-0.527856,-0.0728459,-434.773,-0.522299,0.848729,-0.0828414,-497.503,0.105555,-0.0320534,-0.993896,289.778,0,0,0,1
-0.832808,-0.549844,-0.0640288,-435.294,-0.544068,0.834364,-0.0884693,-496.215,0.102068,-0.0388422,-0.994017,289.778,0,0,0,1
-0.818823,-0.571382,-0.0552413,-435.839,-0.565425,0.819398,-0.094245,-494.937,0.0991145,-0.0459352,-0.994015,289.778,0,0,0,1
-0.804262,-0.592453,-0.0464874,-436.406,-0.586352,0.80384,-0.100167,-493.668,0.0967127,-0.0533027,-0.993883,289.778,0,0,0,1
-0.789148,-0.613041,-0.0377704,-436.996,-0.606831,0.7877,-0.106234,-492.41,0.0948777,-0.0609144,-0.993623,289.778,0,0,0,1
-0.773498,-0.63313,-0.0290941,-437.608,-0.626845,0.770987,-0.112445,-491.163,0.0936237,-0.0687389,-0.993232,289.778,0,0,0,1
-0.757334,-0.652707,-0.020462,-438.243,-0.646377,0.753714,-0.118799,-489.927,0.0929632,-0.0767442,-0.992707,289.778,0,0,0,1
-0.740674,-0.671759,-0.0118777,-438.899,-0.66541,0.735888,-0.125293,-488.702,0.0929074,-0.0848979,-0.992048,289.778,0,0,0,1
-0.72354,-0.690273,-0.00334483,-439.577,-0.683925,0.717525,-0.131926,-487.49,0.0934654,-0.0931666,-0.991253,289.778,0,0,0,1
-0.705953,-0.70824,0.00513335,-440.277,-0.701906,0.698635,-0.138698,-486.289,0.0946448,-0.101517,-0.990322,289.778,0,0,0,1
-0.687933,-0.725647,0.0135526,-440.999,-0.719336,0.679231,-0.145604,-485.102,0.0964521,-0.109915,-0.98925,289.778,0,0,0,1
-0.669501,-0.742487,0.0219097,-441.741,-0.736198,0.659326,-0.152645,-483.927,0.0988916,-0.118326,-0.988037,289.778,0,0,0,1
-0.650679,-0.758751,0.0302011,-442.504,-0.752475,0.638936,-0.159818,-482.766,0.101965,-0.126716,-0.986684,289.778,0,0,0,1
-0.631489,-0.774432,0.0384233,-443.288,-0.76815,0.618075,-0.16712,-481.619,0.105675,-0.13505,-0.985187,289.778,0,0,0,1
-0.611951,-0.789523,0.0465728,-444.093,-0.783206,0.596758,-0.174551,-480.486,0.110019,-0.143293,-0.983546,289.778,0,0,0,1
-0.592085,-0.804019,0.0546456,-444.917,-0.797628,0.575002,-0.182107,-479.368,0.114996,-0.15141,-0.981758,289.778,0,0,0,1
-0.571915,-0.817917,0.0626387,-445.762,-0.811398,0.552824,-0.189786,-478.264,0.120601,-0.159367,-0.979824,289.778,0,0,0,1
-0.551461,-0.831211,0.0705488,-446.626,-0.824503,0.530241,-0.197586,-477.176,0.126828,-0.167129,-0.977743,289.778,0,0,0,1
-0.530743,-0.843901,0.078372,-447.509,-0.836925,0.507271,-0.205504,-476.103,0.13367,-0.174662,-0.975513,289.778,0,0,0,1
-0.509781,-0.855983,0.0861049,-448.411,-0.848651,0.483935,-0.213538,-475.047,0.141117,-0.181931,-0.973132,289.778,0,0,0,1
-0.488597,-0.867458,0.0937447,-449.332,-0.859665,0.46025,-0.221686,-474.007,0.149158,-0.188904,-0.970601,289.778,0,0,0,1
-0.467209,-0.878325,0.101288,-450.272,-0.869954,0.43624,-0.229944,-472.983,0.15778,-0.195548,-0.967918,289.778,0,0,0,1
-0.445638,-0.888585,0.10873,-451.23,-0.879504,0.411924,-0.23831,-471.976,0.16697,-0.201829,-0.965083,289.778,0,0,0,1
-0.423903,-0.898239,0.11607,-452.205,-0.888301,0.387325,-0.24678,-470.987,0.176711,-0.207716,-0.962095,289.778,0,0,0,1
-0.402022,-0.907289,0.123302,-453.199,-0.896334,0.362465,-0.255352,-470.015,0.186986,-0.213177,-0.958953,289.778,0,0,0,1
-0.380014,-0.915739,0.130426,-454.209,-0.90359,0.337368,-0.264023,-469.062,0.197775,-0.218184,-0.955657,289.778,0,0,0,1
-0.357894,-0.923592,0.137436,-455.236,-0.910058,0.312058,-0.272789,-468.126,0.209058,-0.222705,-0.952206,289.778,0,0,0,1
-0.335683,-0.930851,0.144331,-456.28,-0.915728,0.28656,-0.281648,-467.209,0.220814,-0.226713,-0.9486,289.778,0,0,0,1
-0.313397,-0.937522,0.151107,-457.34,-0.92059,0.2609,-0.290596,-466.311,0.233017,-0.230179,-0.944838,289.778,0,0,0,1
-0.291049,-0.94361,0.157761,-458.416,-0.924634,0.235102,-0.29963,-465.432,0.245645,-0.233079,-0.94092,289.778,0,0,0,1
-0.268657,-0.949121,0.164291,-459.508,-0.927854,0.209195,-0.308746,-464.572,0.258669,-0.235385,-0.936847,289.778,0,0,0,1
-0.246237,-0.95406,0.170693,-460.615,-0.930241,0.183205,-0.317942,-463.732,0.272064,-0.237075,-0.932618,289.778,0,0,0,1
-0.223799,-0.958434,0.176966,-461.737,-0.93179,0.157162,-0.327212,-462.912,0.285799,-0.238125,-0.928231,289.778,0,0,0,1
-0.201361,-0.96225,0.183106,-462.873,-0.932495,0.131092,-0.336554,-462.112,0.299846,-0.238514,-0.92369,289.778,0,0,0,1
-0.178933,-0.965515,0.189111,-464.023,-0.932351,0.105025,-0.345964,-461.333,0.314173,-0.238222,-0.918991,289.778,0,0,0,1
-0.156529,-0.968237,0.194978,-465.187,-0.931356,0.0789903,-0.355439,-460.574,0.328748,-0.237231,-0.914137,289.778,0,0,0,1
-0.134159,-0.970421,0.200705,-466.364,-0.929507,0.053018,-0.364974,-459.836,0.343538,-0.235521,-0.909126,289.778,0,0,0,1
-0.111836,-0.972079,0.20629,-467.555,-0.926803,0.0271381,-0.374566,-459.12,0.358509,-0.23308,-0.903961,289.778,0,0,0,1
-0.0895678,-0.973215,0.21173,-468.758,-0.923245,0.00138132,-0.38421,-458.425,0.373627,-0.229892,-0.898639,289.778,0,0,0,1
-0.0673668,-0.973838,0.217024,-469.973,-0.918833,-0.0242204,-0.393903,-457.751,0.388855,-0.225945,-0.893163,289.778,0,0,0,1
-0.0452397,-0.973957,0.222168,-471.201,-0.91357,-0.0496386,-0.403641,-457.1,0.404158,-0.221227,-0.887532,289.778,0,0,0,1
-0.0231964,-0.97358,0.227163,-472.439,-0.90746,-0.0748403,-0.413419,-456.47,0.419498,-0.215731,-0.881748,289.778,0,0,0,1
-0.00124522,-0.972714,0.232004,-473.689,-0.900507,-0.0997935,-0.423234,-455.863,0.434839,-0.209449,-0.875811,289.778,0,0,0,1
0.0206082,-0.971366,0.236691,-474.949,-0.892719,-0.124467,-0.433082,-455.278,0.450142,-0.202374,-0.869721,289.778,0,0,0,1
0.0423557,-0.969545,0.241223,-476.22,-0.884102,-0.148831,-0.442958,-454.716,0.46537,-0.194504,-0.863481,289.778,0,0,0,1
0.0639931,-0.967258,0.245596,-477.5,-0.874666,-0.172853,-0.452859,-454.176,0.480483,-0.185835,-0.857089,289.778,0,0,0,1
0.0855129,-0.964511,0.249811,-478.79,-0.864421,-0.196499,-0.462778,-453.66,0.495443,-0.176368,-0.850547,289.778,0,0,0,1
0.106911,-0.961312,0.253865,-480.089,-0.853378,-0.219741,-0.472714,-453.167,0.510211,-0.166105,-0.843856,289.778,0,0,0,1
0.128181,-0.957669,0.257757,-481.397,-0.841551,-0.242547,-0.482661,-452.697,0.524748,-0.155048,-0.837017,289.778,0,0,0,1
0.149321,-0.953586,0.261486,-482.713,-0.828954,-0.264886,-0.492615,-452.251,0.539016,-0.143203,-0.830032,289.778,0,0,0,1
0.170326,-0.94907,0.265052,-484.036,-0.815603,-0.286728,-0.502571,-451.828,0.552974,-0.130577,-0.822902,289.778,0,0,0,1
0.191192,-0.944128,0.268453,-485.367,-0.801515,-0.308043,-0.512526,-451.429,0.566586,-0.117178,-0.815627,289.778,0,0,0,1
0.211916,-0.938763,0.271688,-486.705,-0.786708,-0.3288,-0.522475,-451.054,0.579812,-0.103019,-0.80821,289.778,0,0,0,1
0.232495,-0.932981,0.274757,-488.049,-0.771202,-0.348972,-0.532414,-450.702,0.592616,-0.0881095,-0.800651,289.778,0,0,0,1
0.252927,-0.926786,0.277658,-489.4,-0.755019,-0.368531,-0.542338,-450.375,0.604958,-0.0724652,-0.792953,289.778,0,0,0,1
0.27321,-0.920182,0.280392,-490.756,-0.738181,-0.387447,-0.552243,-450.073,0.616802,-0.0561023,-0.785116,289.778,0,0,0,1
0.293339,-0.913174,0.282959,-492.117,-0.720712,-0.405696,-0.562125,-449.794,0.628113,-0.0390383,-0.777142,289.778,0,0,0,1
0.313315,-0.905762,0.285356,-493.483,-0.702637,-0.42325,-0.571979,-449.54,0.638854,-0.0212928,-0.769033,289.778,0,0,0,1
0.333133,-0.897951,0.287585,-494.853,-0.683984,-0.440084,-0.5818,-449.31,0.648991,-0.00288738,-0.760791,289.778,0,0,0,1
0.32971,-0.919569,0.213735,-490.949,-0.675728,-0.387966,-0.626795,-424.657,0.659305,0.0622335,-0.749295,281.908,0,0,0,1
0.314402,-0.925341,0.211892,-489.573,-0.689354,-0.376011,-0.6192,-424.885,0.652643,0.0486091,-0.756106,281.908,0,0,0,1
0.29901,-0.930866,0.209949,-488.2,-0.702669,-0.363642,-0.611571,-425.131,0.645639,0.0353413,-0.762823,281.908,0,0,0,1
0.283535,-0.936151,0.207909,-486.831,-0.715661,-0.350876,-0.603915,-425.396,0.638308,0.0224385,-0.769453,281.908,0,0,0,1
0.267979,-0.941192,0.205771,-485.465,-0.728319,-0.337721,-0.596232,-425.679,0.630665,0.00991005,-0.77599,281.908,0,0,0,1
0.252341,-0.945989,0.203536,-484.103,-0.740633,-0.324188,-0.588526,-425.981,0.622725,-0.0022366,-0.782437,281.908,0,0,0,1
0.236626,-0.950539,0.201204,-482.746,-0.752592,-0.310288,-0.580798,-426.302,0.614503,-0.0139931,-0.78879,281.908,0,0,0,1
0.220832,-0.95484,0.198773,-481.393,-0.764185,-0.296031,-0.573048,-426.641,0.606015,-0.0253528,-0.795047,281.908,0,0,0,1
0.204962,-0.958893,0.196247,-480.045,-0.775404,-0.281432,-0.565282,-426.998,0.597277,-0.0363093,-0.801212,281.908,0,0,0,1
0.189019,-0.962694,0.193623,-478.701,-0.786238,-0.2665,-0.5575,-427.373,0.588304,-0.0468563,-0.80728,281.908,0,0,0,1
0.173002,-0.966242,0.190902,-477.363,-0.79668,-0.251247,-0.549703,-427.767,0.579112,-0.0569889,-0.813252,281.908,0,0,0,1
0.156914,-0.969535,0.188085,-476.031,-0.806721,-0.235687,-0.541896,-428.179,0.569718,-0.0667023,-0.819127,281.908,0,0,0,1
0.140756,-0.972572,0.185173,-474.704,-0.816353,-0.219832,-0.534079,-428.609,0.560139,-0.0759923,-0.824904,281.908,0,0,0,1
0.124531,-0.975349,0.182165,-473.383,-0.825568,-0.203695,-0.526254,-429.057,0.550389,-0.0848555,-0.830584,281.908,0,0,0,1
0.108241,-0.977864,0.179063,-472.069,-0.834361,-0.187287,-0.518424,-429.523,0.540486,-0.0932886,-0.836163,281.908,0,0,0,1
0.0918871,-0.980115,0.175866,-470.76,-0.842723,-0.170623,-0.510592,-430.007,0.530447,-0.10129,-0.841644,281.908,0,0,0,1
0.0754726,-0.9821,0.172575,-469.459,-0.85065,-0.153715,-0.502758,-430.508,0.520287,-0.108857,-0.847024,281.908,0,0,0,1
0.0589991,-0.983815,0.169191,-468.164,-0.858135,-0.136575,-0.494925,-431.027,0.510023,-0.115989,-0.852303,281.908,0,0,0,1
0.0424702,-0.985258,0.165714,-466.877,-0.865173,-0.119219,-0.487095,-431.564,0.499672,-0.122685,-0.857481,281.908,0,0,0,1
0.0258872,-0.986426,0.162145,-465.597,-0.871759,-0.101657,-0.47927,-432.118,0.489249,-0.128945,-0.862557,281.908,0,0,0,1
0.0092537,-0.987316,0.158485,-464.325,-0.87789,-0.083905,-0.471453,-432.69,0.478773,-0.134771,-0.867531,281.908,0,0,0,1
-0.00742755,-0.987927,0.154735,-463.06,-0.883561,-0.0659752,-0.463645,-433.278,0.468257,-0.140162,-0.872404,281.908,0,0,0,1
-0.0241536,-0.988254,0.150896,-461.804,-0.888768,-0.0478804,-0.455848,-433.884,0.457719,-0.145122,-0.877172,281.908,0,0,0,1
-0.0409202,-0.988294,0.146967,-460.556,-0.89351,-0.0296345,-0.448065,-434.507,0.447175,-0.149651,-0.881837,281.908,0,0,0,1
-0.0577236,-0.988044,0.14295,-459.317,-0.897781,-0.0112507,-0.440296,-435.147,0.436641,-0.153754,-0.886398,281.908,0,0,0,1
-0.0745621,-0.987502,0.138846,-458.086,-0.901583,0.00725783,-0.432545,-435.803,0.426132,-0.157433,-0.890856,281.908,0,0,0,1
-0.0914295,-0.986664,0.134657,-456.865,-0.90491,0.0258775,-0.424814,-436.477,0.415665,-0.160693,-0.895209,281.908,0,0,0,1
-0.108324,-0.985527,0.130382,-455.652,-0.907764,0.044596,-0.417103,-437.166,0.405253,-0.163538,-0.899457,281.908,0,0,0,1
-0.125238,-0.984089,0.126023,-454.449,-0.910142,0.063399,-0.409416,-437.873,0.394913,-0.165974,-0.9036,281.908,0,0,0,1
-0.14217,-0.982346,0.121581,-453.256,-0.912044,0.0822737,-0.401754,-438.595,0.384659,-0.168005,-0.907639,281.908,0,0,0,1
-0.159115,-0.980295,0.117057,-452.073,-0.91347,0.101208,-0.394118,-439.334,0.374506,-0.169638,-0.911573,281.908,0,0,0,1
-0.176067,-0.977933,0.112452,-450.9,-0.914419,0.120189,-0.386512,-440.088,0.364468,-0.170881,-0.915402,281.908,0,0,0,1
-0.193021,-0.975257,0.107767,-449.738,-0.914893,0.139202,-0.378936,-440.859,0.35456,-0.171739,-0.919125,281.908,0,0,0,1
-0.209973,-0.972265,0.103004,-448.586,-0.914892,0.158237,-0.371393,-441.645,0.344795,-0.17222,-0.922743,281.908,0,0,0,1
-0.226915,-0.968953,0.0981632,-447.444,-0.914417,0.17728,-0.363884,-442.447,0.335186,-0.172334,-0.926255,281.908,0,0,0,1
-0.243844,-0.96532,0.0932468,-446.314,-0.913471,0.196319,-0.356412,-443.264,0.325746,-0.172088,-0.929663,281.908,0,0,0,1
-0.260752,-0.961362,0.0882552,-445.195,-0.912054,0.215343,-0.348977,-444.097,0.316489,-0.171491,-0.932965,281.908,0,0,0,1
-0.277635,-0.957077,0.0831901,-444.088,-0.910169,0.234338,-0.341582,-444.944,0.307427,-0.170553,-0.936161,281.908,0,0,0,1
-0.294487,-0.952464,0.0780542,-442.992,-0.907819,0.253292,-0.334229,-445.807,0.29857,-0.169284,-0.939256,281.908,0,0,0,1
-0.311295,-0.947516,0.0728447,-441.907,-0.905005,0.272196,-0.326918,-446.684,0.289933,-0.167693,-0.942239,281.908,0,0,0,1
-0.32806,-0.942236,0.067567,-440.835,-0.901731,0.291037,-0.319652,-447.577,0.281524,-0.165793,-0.945121,281.908,0,0,0,1
-0.344772,-0.93662,0.0622211,-439.775,-0.898002,0.309803,-0.312432,-448.483,0.273355,-0.163593,-0.947898,281.908,0,0,0,1
-0.361425,-0.930667,0.0568084,-438.728,-0.89382,0.328483,-0.305261,-449.404,0.265436,-0.161106,-0.950571,281.908,0,0,0,1
-0.378011,-0.924375,0.0513307,-437.693,-0.889189,0.347067,-0.298139,-450.339,0.257778,-0.158343,-0.953139,281.908,0,0,0,1
-0.394522,-0.917743,0.0457889,-436.671,-0.884113,0.365545,-0.291068,-451.288,0.250388,-0.155316,-0.955604,281.908,0,0,0,1
-0.410952,-0.91077,0.0401852,-435.662,-0.878597,0.383904,-0.284049,-452.251,0.243277,-0.152038,-0.957966,281.908,0,0,0,1
-0.427292,-0.903453,0.0345203,-434.666,-0.872645,0.402136,-0.277085,-453.228,0.236452,-0.148521,-0.960223,281.908,0,0,0,1
-0.443535,-0.895793,0.0287962,-433.684,-0.866263,0.42023,-0.270176,-454.218,0.229921,-0.144778,-0.962378,281.908,0,0,0,1
-0.459672,-0.887789,0.0230143,-432.715,-0.859454,0.438176,-0.263324,-455.221,0.223693,-0.140823,-0.964431,281.908,0,0,0,1
-0.475695,-0.879441,0.0171764,-431.759,-0.852225,0.455965,-0.256531,-456.237,0.217773,-0.136669,-0.966382,281.908,0,0,0,1
-0.491597,-0.870749,0.0112838,-430.818,-0.84458,0.473587,-0.249798,-457.266,0.212167,-0.13233,-0.968231,281.908,0,0,0,1
-0.507367,-0.861711,0.00533804,-429.891,-0.836526,0.491034,-0.243125,-458.308,0.206883,-0.12782,-0.969979,281.908,0,0,0,1
-0.523,-0.852331,-0.000658989,-428.978,-0.828067,0.508296,-0.236515,-459.363,0.201924,-0.123152,-0.971626,281.908,0,0,0,1
-0.538484,-0.842607,-0.00670591,-428.079,-0.819211,0.525364,-0.229968,-460.429,0.197296,-0.118341,-0.973173,281.908,0,0,0,1
-0.553813,-0.832541,-0.0128009,-427.195,-0.809963,0.54223,-0.223487,-461.508,0.193003,-0.113402,-0.974621,281.908,0,0,0,1
-0.568978,-0.822136,-0.0189415,-426.326,-0.800329,0.558886,-0.217072,-462.599,0.189048,-0.108349,-0.975973,281.908,0,0,0,1
-0.583965,-0.811388,-0.0251289,-425.471,-0.790314,0.575325,-0.210723,-463.701,0.185436,-0.103196,-0.977221,281.908,0,0,0,1
-0.598772,-0.800304,-0.0313585,-424.632,-0.779927,0.591538,-0.204443,-464.815,0.182167,-0.0979582,-0.978374,281.908,0,0,0,1
-0.613387,-0.788884,-0.0376297,-423.808,-0.769172,0.607517,-0.198233,-465.941,0.179244,-0.0926504,-0.979431,281.908,0,0,0,1
-0.6278,-0.777131,-0.0439408,-422.999,-0.758058,0.623255,-0.192094,-467.077,0.176669,-0.0872874,-0.98039,281.908,0,0,0,1
-0.642005,-0.765048,-0.0502898,-422.206,-0.746591,0.638746,-0.186026,-468.224,0.174441,-0.0818841,-0.981255,281.908,0,0,0,1
-0.655991,-0.752636,-0.0566754,-421.429,-0.734776,0.653982,-0.180031,-469.382,0.172562,-0.0764551,-0.982025,281.908,0,0,0,1
-0.669748,-0.739901,-0.0630957,-420.667,-0.722623,0.668956,-0.174109,-470.551,0.171032,-0.0710152,-0.982701,281.908,0,0,0,1
-0.683269,-0.726845,-0.0695491,-419.921,-0.710136,0.683663,-0.168262,-471.729,0.169849,-0.0655793,-0.983284,281.908,0,0,0,1
-0.696544,-0.713473,-0.0760338,-419.192,-0.697323,0.698095,-0.162491,-472.918,0.169012,-0.060162,-0.983775,281.908,0,0,0,1
-0.709564,-0.699787,-0.0825481,-418.478,-0.684192,0.712247,-0.156795,-474.117,0.168518,-0.0547779,-0.984174,281.908,0,0,0,1
-0.722321,-0.685794,-0.0890903,-417.781,-0.670749,0.726114,-0.151177,-475.325,0.168366,-0.0494416,-0.984483,281.908,0,0,0,1
-0.734804,-0.671498,-0.0956588,-417.101,-0.657001,0.739689,-0.145637,-476.542,0.168553,-0.0441674,-0.984701,281.908,0,0,0,1
-0.747007,-0.656903,-0.102252,-416.437,-0.642955,0.752967,-0.140176,-477.769,0.169075,-0.0389696,-0.984831,281.908,0,0,0,1
-0.758919,-0.642017,-0.108868,-415.789,-0.62862,0.765942,-0.134795,-479.004,0.169927,-0.0338623,-0.984873,281.908,0,0,0,1
-0.770534,-0.626844,-0.115504,-415.159,-0.614002,0.77861,-0.129493,-480.248,0.171105,-0.0288595,-0.984829,281.908,0,0,0,1
-0.781841,-0.61139,-0.12216,-414.546,-0.599107,0.790966,-0.124273,-481.501,0.172604,-0.0239747,-0.984698,281.908,0,0,0,1
-0.792834,-0.595662,-0.128834,-413.949,-0.583944,0.803005,-0.119134,-482.762,0.174418,-0.0192216,-0.984482,281.908,0,0,0,1
-0.803506,-0.579668,-0.135523,-413.37,-0.56852,0.814722,-0.114077,-484.031,0.176541,-0.0146137,-0.984187,281.908,0,0,0,1
-0.81384,-0.563412,-0.142228,-412.808,-0.552841,0.826113,-0.109103,-485.307,0.178966,-0.0101632,-0.983801,281.908,0,0,0,1
-0.823838,-0.546903,-0.148945,-412.264,-0.536915,0.837175,-0.104212,-486.591,0.181687,-0.00588365,-0.983338,281.908,0,0,0,1
-0.833489,-0.53015,-0.155672,-411.737,-0.52075,0.847902,-0.0994054,-487.883,0.184694,-0.00178724,-0.982792,281.908,0,0,0,1
-0.842786,-0.513159,-0.162409,-411.228,-0.504353,0.858291,-0.0946827,-489.181,0.187981,0.00211384,-0.982169,281.908,0,0,0,1
-0.851722,-0.495938,-0.169153,-410.736,-0.48773,0.868338,-0.0900448,-490.486,0.191539,0.00580777,-0.981467,281.908,0,0,0,1
-0.860288,-0.478497,-0.175903,-410.262,-0.470889,0.87804,-0.0854919,-491.798,0.195358,0.00928305,-0.980686,281.908,0,0,0,1
-0.868479,-0.460843,-0.182658,-409.806,-0.453838,0.887393,-0.0810247,-493.116,0.199429,0.0125285,-0.979831,281.908,0,0,0,1
-0.876289,-0.442987,-0.189415,-409.368,-0.436583,0.896393,-0.0766434,-494.44,0.203742,0.0155334,-0.9789,281.908,0,0,0,1
-0.883709,-0.424937,-0.196173,-408.948,-0.419132,0.905038,-0.0723483,-495.77,0.208287,0.0182874,-0.977895,281.908,0,0,0,1
-0.890735,-0.406702,-0.20293,-408.546,-0.401492,0.913324,-0.0681397,-497.106,0.213054,0.0207803,-0.976818,281.908,0,0,0,1
-0.897364,-0.388294,-0.209685,-408.163,-0.38367,0.921249,-0.0640181,-498.447,0.21803,0.0230025,-0.975672,281.908,0,0,0,1
-0.903582,-0.369719,-0.216437,-407.797,-0.365673,0.928809,-0.0599833,-499.793,0.223206,0.0249453,-0.974451,281.908,0,0,0,1
-0.909391,-0.35099,-0.223183,-407.45,-0.347508,0.936001,-0.0560359,-501.144,0.228568,0.0265994,-0.973163,281.908,0,0,0,1
-0.914788,-0.332119,-0.229922,-407.121,-0.329184,0.942823,-0.052176,-502.499,0.234105,0.0279568,-0.971811,281.908,0,0,0,1
-0.919758,-0.313111,-0.236654,-406.811,-0.310704,0.949273,-0.0484036,-503.859,0.239805,0.0290097,-0.970387,281.908,0,0,0,1
-0.924309,-0.293982,-0.243374,-406.52,-0.29208,0.955348,-0.044719,-505.223,0.245654,0.0297507,-0.968903,281.908,0,0,0,1
-0.928425,-0.27474,-0.250084,-406.246,-0.273316,0.961045,-0.0411223,-506.591,0.25164,0.030173,-0.967349,281.908,0,0,0,1
-0.932112,-0.255398,-0.256781,-405.992,-0.25442,0.966362,-0.0376136,-507.962,0.25775,0.0302701,-0.965735,281.908,0,0,0,1
-0.935363,-0.235965,-0.263463,-405.756,-0.235399,0.971297,-0.0341928,-509.337,0.263969,0.0300363,-0.964061,281.908,0,0,0,1
-0.938175,-0.216455,-0.270129,-405.539,-0.216261,0.975848,-0.0308601,-510.715,0.270285,0.0294661,-0.962327,281.908,0,0,0,1
-0.940548,-0.196878,-0.276779,-405.34,-0.197012,0.980012,-0.0276155,-512.095,0.276683,0.0285548,-0.960536,281.908,0,0,0,1
-0.942475,-0.177244,-0.283409,-405.161,-0.177658,0.983788,-0.0244589,-513.478,0.28315,0.027298,-0.958685,281.908,0,0,0,1
-0.943959,-0.157568,-0.290019,-405,-0.158209,0.987174,-0.0213904,-514.864,0.28967,0.025692,-0.95678,281.908,0,0,0,1
-0.944995,-0.137859,-0.296608,-404.858,-0.13867,0.990167,-0.0184098,-516.251,0.29623,0.0237336,-0.954821,281.908,0,0,0,1
-0.945587,-0.11813,-0.303174,-404.735,-0.119049,0.992767,-0.015517,-517.641,0.302815,0.0214199,-0.952811,281.908,0,0,0,1
-0.945722,-0.0983934,-0.309717,-404.631,-0.0993539,0.994971,-0.0127123,-519.032,0.30941,0.0187492,-0.950742,281.908,0,0,0,1
-0.945413,-0.0786597,-0.316233,-404.546,-0.0795899,0.996778,-0.00999509,-520.424,0.316,0.0157195,-0.948627,281.908,0,0,0,1
-0.944655,-0.0589414,-0.322723,-404.479,-0.0597651,0.998185,-0.00736539,-521.817,0.322572,0.0123298,-0.946463,281.908,0,0,0,1
-0.943447,-0.0392502,-0.329185,-404.432,-0.0398865,0.999193,-0.00482299,-523.211,0.329109,0.00857979,-0.94425,281.908,0,0,0,1
-0.941792,-0.0195989,-0.335618,-404.403,-0.0199621,0.999798,-0.00236791,-524.605,0.335597,0.00446957,-0.941993,281.908,0,0,0,1
-0.906307,0,-0.422618,-380.215,0,1,0,-526,0.422618,0,-0.906307,271.892,0,0,0,1
-0.908498,-0.0155568,-0.417601,-380.222,-0.016036,0.999869,-0.00236148,-524.6,0.417583,0.00455123,-0.908628,271.892,0,0,0,1
-0.910398,-0.0311588,-0.412558,-380.245,-0.0320421,0.999475,-0.00477834,-523.2,0.41249,0.00886903,-0.910918,271.892,0,0,0,1
-0.912009,-0.0468003,-0.40749,-380.284,-0.0480153,0.99882,-0.00725086,-521.8,0.407349,0.0129529,-0.91318,271.892,0,0,0,1
-0.91333,-0.0624739,-0.402399,-380.338,-0.0639506,0.997905,-0.00977894,-520.401,0.402167,0.0168023,-0.915412,271.892,0,0,0,1
-0.91436,-0.078175,-0.397285,-380.408,-0.0798458,0.996731,-0.012363,-519.002,0.396952,0.0204172,-0.917612,271.892,0,0,0,1
-0.915097,-0.0938953,-0.392147,-380.493,-0.0956952,0.995298,-0.0150028,-517.604,0.391712,0.0237975,-0.919779,271.892,0,0,0,1
-0.915544,-0.109629,-0.386988,-380.593,-0.111496,0.993607,-0.0176986,-516.208,0.386455,0.0269437,-0.921914,271.892,0,0,0,1
-0.915698,-0.125371,-0.381808,-380.709,-0.127244,0.991661,-0.0204506,-514.812,0.381188,0.0298563,-0.924015,271.892,0,0,0,1
-0.915562,-0.141113,-0.376608,-380.84,-0.142936,0.989459,-0.0232586,-513.418,0.37592,0.032536,-0.926081,271.892,0,0,0,1
-0.915133,-0.156851,-0.371387,-380.987,-0.158567,0.987002,-0.0261228,-512.025,0.370657,0.034984,-0.92811,271.892,0,0,0,1
-0.914414,-0.172578,-0.366148,-381.149,-0.174136,0.984293,-0.0290436,-510.635,0.365409,0.0372017,-0.930103,271.892,0,0,0,1
-0.913404,-0.188286,-0.36089,-381.326,-0.189637,0.981332,-0.0320206,-509.246,0.360182,0.0391903,-0.932058,271.892,0,0,0,1
-0.912104,-0.203971,-0.355614,-381.519,-0.205067,0.97812,-0.0350541,-507.859,0.354984,0.0409517,-0.933975,271.892,0,0,0,1
-0.910515,-0.219626,-0.350322,-381.727,-0.220422,0.974659,-0.038144,-506.474,0.349822,0.0424879,-0.935851,271.892,0,0,0,1
-0.908639,-0.235244,-0.345014,-381.95,-0.235698,0.970949,-0.0412904,-505.091,0.344704,0.043801,-0.937689,271.892,0,0,0,1
-0.906476,-0.250821,-0.33969,-382.189,-0.250892,0.966992,-0.0444932,-503.712,0.339638,0.0448935,-0.939484,271.892,0,0,0,1
-0.904028,-0.266349,-0.334352,-382.443,-0.266,0.96279,-0.0477526,-502.334,0.33463,0.045768,-0.941237,271.892,0,0,0,1
-0.901296,-0.281822,-0.329001,-382.712,-0.281018,0.958343,-0.0510684,-500.96,0.329688,0.0464274,-0.942948,271.892,0,0,0,1
-0.898281,-0.297236,-0.323636,-382.996,-0.295944,0.953653,-0.0544408,-499.589,0.324818,0.0468749,-0.944614,271.892,0,0,0,1
-0.894987,-0.312583,-0.31826,-383.295,-0.310772,0.948721,-0.0578696,-498.221,0.320029,0.0471136,-0.946235,271.892,0,0,0,1
-0.891414,-0.327859,-0.312872,-383.609,-0.325499,0.94355,-0.0613546,-496.857,0.315326,0.0471471,-0.947811,271.892,0,0,0,1
-0.887565,-0.343057,-0.307474,-383.939,-0.340123,0.938139,-0.0648962,-495.496,0.310716,0.0469792,-0.949341,271.892,0,0,0,1
-0.883441,-0.358171,-0.302066,-384.283,-0.354638,0.932492,-0.068494,-494.138,0.306207,0.0466136,-0.950822,271.892,0,0,0,1
-0.879046,-0.373197,-0.29665,-384.643,-0.369041,0.926609,-0.0721479,-492.785,0.301804,0.0460546,-0.952257,271.892,0,0,0,1
-0.874382,-0.388128,-0.291226,-385.017,-0.383329,0.920491,-0.075858,-491.436,0.297513,0.0453064,-0.953642,271.892,0,0,0,1
-0.869451,-0.402959,-0.285795,-385.406,-0.397498,0.914142,-0.0796241,-490.09,0.293342,0.0443737,-0.954977,271.892,0,0,0,1
-0.864255,-0.417685,-0.280358,-385.81,-0.411545,0.907561,-0.0834461,-488.75,0.289296,0.043261,-0.956261,271.892,0,0,0,1
-0.8588,-0.432301,-0.274916,-386.229,-0.425465,0.900752,-0.0873237,-487.414,0.285381,0.0419732,-0.957494,271.892,0,0,0,1
-0.853085,-0.446801,-0.269469,-386.663,-0.439255,0.893716,-0.0912571,-486.082,0.281603,0.0405155,-0.958675,271.892,0,0,0,1
-0.847116,-0.46118,-0.26402,-387.111,-0.452911,0.886454,-0.0952459,-484.755,0.277967,0.038893,-0.959802,271.892,0,0,0,1
-0.840895,-0.475434,-0.258567,-387.574,-0.46643,0.878968,-0.09929,-483.434,0.274478,0.037111,-0.960877,271.892,0,0,0,1
-0.834425,-0.489557,-0.253114,-388.051,-0.479807,0.871261,-0.103389,-482.117,0.271143,0.0351753,-0.961895,271.892,0,0,0,1
-0.82771,-0.503546,-0.24766,-388.543,-0.49304,0.863334,-0.107543,-480.806,0.267966,0.0330915,-0.962859,271.892,0,0,0,1
-0.820755,-0.517395,-0.242206,-389.049,-0.506124,0.85519,-0.111752,-479.501,0.264952,0.0308655,-0.963767,271.892,0,0,0,1
-0.813561,-0.531099,-0.236753,-389.57,-0.519056,0.84683,-0.116015,-478.201,0.262105,0.0285032,-0.964618,271.892,0,0,0,1
-0.806133,-0.544654,-0.231303,-390.105,-0.531832,0.838257,-0.120332,-476.907,0.259431,0.0260108,-0.965411,271.892,0,0,0,1
-0.798474,-0.558057,-0.225856,-390.654,-0.544449,0.829473,-0.124703,-475.619,0.256933,0.0233948,-0.966145,271.892,0,0,0,1
-0.790588,-0.571303,-0.220413,-391.218,-0.556902,0.820479,-0.129128,-474.337,0.254616,0.0206614,-0.966821,271.892,0,0,0,1
-0.782481,-0.584387,-0.214976,-391.796,-0.569188,0.811279,-0.133606,-473.061,0.252483,0.0178172,-0.967437,271.892,0,0,0,1
-0.774155,-0.597306,-0.209544,-392.387,-0.581304,0.801875,-0.138138,-471.792,0.250539,0.0148689,-0.967992,271.892,0,0,0,1
-0.765614,-0.610057,-0.20412,-392.993,-0.593245,0.792269,-0.142722,-470.53,0.248786,0.0118233,-0.968486,271.892,0,0,0,1
-0.756863,-0.622635,-0.198703,-393.613,-0.605008,0.782464,-0.147358,-469.274,0.247228,0.0086872,-0.968918,271.892,0,0,0,1
-0.747907,-0.635037,-0.193296,-394.246,-0.61659,0.772462,-0.152046,-468.025,0.245869,0.00546768,-0.969287,271.892,0,0,0,1
-0.738748,-0.647259,-0.187898,-394.893,-0.627987,0.762267,-0.156786,-466.783,0.24471,0.00217183,-0.969593,271.892,0,0,0,1
-0.729393,-0.659299,-0.182512,-395.554,-0.639194,0.75188,-0.161578,-465.549,0.243755,-0.00119336,-0.969836,271.892,0,0,0,1
-0.719844,-0.671153,-0.177137,-396.228,-0.650209,0.741304,-0.16642,-464.322,0.243006,-0.00462034,-0.970013,271.892,0,0,0,1
-0.710107,-0.682818,-0.171776,-396.916,-0.661028,0.730544,-0.171313,-463.102,0.242465,-0.00810207,-0.970125,271.892,0,0,0,1
-0.700186,-0.694291,-0.166428,-397.618,-0.671647,0.7196,-0.176255,-461.89,0.242134,-0.0116311,-0.970172,271.892,0,0,0,1
-0.690086,-0.70557,-0.161095,-398.333,-0.682063,0.708477,-0.181248,-460.686,0.242015,-0.0151998,-0.970153,271.892,0,0,0,1
-0.679811,-0.716651,-0.155778,-399.061,-0.692271,0.697178,-0.186289,-459.49,0.242109,-0.0188009,-0.970066,271.892,0,0,0,1
-0.669366,-0.727534,-0.150478,-399.802,-0.702269,0.685705,-0.191379,-458.302,0.242418,-0.0224267,-0.969912,271.892,0,0,0,1
-0.658754,-0.738213,-0.145196,-400.556,-0.712053,0.674063,-0.196517,-457.122,0.242943,-0.0260696,-0.969689,271.892,0,0,0,1
-0.647983,-0.748689,-0.139933,-401.323,-0.72162,0.662254,-0.201703,-455.95,0.243684,-0.0297222,-0.969398,271.892,0,0,0,1
-0.637055,-0.758959,-0.134689,-402.103,-0.730965,0.650282,-0.206936,-454.787,0.244642,-0.0333765,-0.969039,271.892,0,0,0,1
-0.625975,-0.76902,-0.129467,-402.896,-0.740086,0.638151,-0.212215,-453.633,0.245817,-0.0370252,-0.968608,271.892,0,0,0,1
-0.614749,-0.778872,-0.124266,-403.702,-0.74898,0.625863,-0.21754,-452.488,0.247209,-0.0406603,-0.968108,271.892,0,0,0,1
-0.60338,-0.788511,-0.119088,-404.52,-0.757642,0.613424,-0.222911,-451.352,0.248819,-0.0442743,-0.967537,271.892,0,0,0,1
-0.591873,-0.797938,-0.113933,-405.351,-0.76607,0.600837,-0.228326,-450.224,0.250646,-0.0478595,-0.966895,271.892,0,0,0,1
-0.580234,-0.807149,-0.108804,-406.194,-0.774259,0.588104,-0.233786,-449.106,0.252688,-0.0514082,-0.966181,271.892,0,0,0,1
-0.568466,-0.816144,-0.1037,-407.049,-0.782207,0.575232,-0.239289,-447.998,0.254946,-0.0549127,-0.965394,271.892,0,0,0,1
-0.556574,-0.824923,-0.0986231,-407.917,-0.789911,0.562224,-0.244835,-446.898,0.257418,-0.0583654,-0.964535,271.892,0,0,0,1
-0.544564,-0.833483,-0.0935736,-408.796,-0.797368,0.549083,-0.250423,-445.809,0.260103,-0.0617588,-0.963604,271.892,0,0,0,1
-0.532439,-0.841823,-0.0885529,-409.688,-0.804574,0.535814,-0.256053,-444.729,0.262999,-0.0650851,-0.962598,271.892,0,0,0,1
-0.520204,-0.849944,-0.0835619,-410.592,-0.811527,0.522422,-0.261723,-443.659,0.266105,-0.068337,-0.961518,271.892,0,0,0,1
-0.507863,-0.857843,-0.0786012,-411.507,-0.818222,0.508912,-0.267434,-442.6,0.269418,-0.0715069,-0.960364,271.892,0,0,0,1
-0.495423,-0.865522,-0.0736719,-412.434,-0.824659,0.495286,-0.273184,-441.55,0.272935,-0.0745875,-0.959136,271.892,0,0,0,1
-0.482886,-0.872978,-0.068775,-413.372,-0.830833,0.481551,-0.278973,-440.511,0.276656,-0.0775715,-0.957833,271.892,0,0,0,1
-0.470256,-0.880212,-0.0639117,-414.322,-0.836741,0.467711,-0.284799,-439.482,0.280576,-0.0804512,-0.956454,271.892,0,0,0,1
-0.457539,-0.887224,-0.0590825,-415.283,-0.842382,0.453771,-0.290663,-438.464,0.284693,-0.0832198,-0.954999,271.892,0,0,0,1
-0.444739,-0.894013,-0.0542885,-416.256,-0.847752,0.439735,-0.296563,-437.456,0.289004,-0.0858701,-0.953469,271.892,0,0,0,1
-0.43186,-0.900579,-0.0495305,-417.239,-0.852849,0.425609,-0.302498,-436.459,0.293504,-0.088395,-0.951862,271.892,0,0,0,1
-0.418906,-0.906923,-0.0448097,-418.234,-0.857671,0.411398,-0.308468,-435.473,0.298192,-0.0907876,-0.950178,271.892,0,0,0,1
-0.405883,-0.913044,-0.0401266,-419.239,-0.862214,0.397107,-0.314472,-434.498,0.303062,-0.0930412,-0.948418,271.892,0,0,0,1
-0.392792,-0.918942,-0.0354824,-420.255,-0.866477,0.382742,-0.320509,-433.535,0.30811,-0.0951489,-0.946581,271.892,0,0,0,1
-0.379639,-0.924619,-0.0308781,-421.281,-0.870457,0.368308,-0.326578,-432.582,0.313333,-0.0971042,-0.944665,271.892,0,0,0,1
-0.366428,-0.930074,-0.026314,-422.318,-0.874153,0.353809,-0.332679,-431.641,0.318726,-0.0989006,-0.942672,271.892,0,0,0,1
-0.353163,-0.935308,-0.0217912,-423.366,-0.877563,0.339252,-0.33881,-430.712,0.324284,-0.100532,-0.940602,271.892,0,0,0,1
-0.339846,-0.940321,-0.0173111,-424.423,-0.880683,0.324643,-0.34497,-429.794,0.330003,-0.101991,-0.938453,271.892,0,0,0,1
-0.326484,-0.945115,-0.0128735,-425.491,-0.883513,0.309987,-0.351158,-428.888,0.335876,-0.103274,-0.936227,271.892,0,0,0,1
-0.313078,-0.949689,-0.0084801,-426.568,-0.886051,0.29529,-0.357375,-427.993,0.341899,-0.104372,-0.933922,271.892,0,0,0,1
-0.299633,-0.954045,-0.00413132,-427.656,-0.888296,0.280558,-0.363617,-427.111,0.348067,-0.105282,-0.931539,271.892,0,0,0,1
-0.286152,-0.958184,0.000172019,-428.753,-0.890245,0.265796,-0.369886,-426.241,0.354373,-0.105997,-0.929077,271.892,0,0,0,1
-0.272639,-0.962106,0.00442904,-429.859,-0.891898,0.251012,-0.376179,-425.383,0.360813,-0.106511,-0.926536,271.892,0,0,0,1
-0.259097,-0.965812,0.0086388,-430.975,-0.893253,0.23621,-0.382496,-424.537,0.367379,-0.10682,-0.923916,271.892,0,0,0,1
-0.245529,-0.969304,0.0128008,-432.1,-0.89431,0.221398,-0.388835,-423.703,0.374066,-0.106919,-0.921218,271.892,0,0,0,1
-0.23194,-0.972583,0.0169144,-433.235,-0.895066,0.206581,-0.395197,-422.882,0.380867,-0.106801,-0.91844,271.892,0,0,0,1
-0.218331,-0.975649,0.0209786,-434.378,-0.895522,0.191766,-0.401578,-422.074,0.387777,-0.106464,-0.915584,271.892,0,0,0,1
-0.204706,-0.978504,0.0249927,-435.53,-0.895677,0.176958,-0.40798,-421.278,0.394787,-0.105902,-0.912648,271.892,0,0,0,1
-0.191069,-0.981149,0.0289563,-436.691,-0.895531,0.162165,-0.4144,-420.495,0.401892,-0.10511,-0.909634,271.892,0,0,0,1
-0.177421,-0.983586,0.0328681,-437.861,-0.895082,0.147394,-0.420837,-419.725,0.409085,-0.104085,-0.90654,271.892,0,0,0,1
-0.163766,-0.985814,0.0367277,-439.039,-0.89433,0.13265,-0.42729,-418.968,0.416358,-0.102823,-0.903367,271.892,0,0,0,1
-0.150108,-0.987838,0.0405347,-440.225,-0.893276,0.11794,-0.433759,-418.224,0.423704,-0.10132,-0.900116,271.892,0,0,0,1
-0.136447,-0.989657,0.0442884,-441.419,-0.89192,0.10327,-0.440243,-417.493,0.431116,-0.0995716,-0.896786,271.892,0,0,0,1
-0.122787,-0.991272,0.0479878,-442.622,-0.890261,0.0886486,-0.446739,-416.775,0.438586,-0.0975756,-0.893376,271.892,0,0,0,1
-0.10913,-0.992685,0.0516323,-443.832,-0.888301,0.0740808,-0.453247,-416.071,0.446107,-0.0953285,-0.889887,271.892,0,0,0,1
-0.0954804,-0.993898,0.0552223,-445.05,-0.886039,0.0595735,-0.459767,-415.38,0.453672,-0.0928278,-0.886321,271.892,0,0,0,1
-0.0818379,-0.994912,0.0587556,-446.275,-0.883477,0.0451345,-0.466295,-414.703,0.461271,-0.0900701,-0.882675,271.892,0,0,0,1
-0.0682063,-0.995728,0.0622328,-447.508,-0.880615,0.0307696,-0.472833,-414.039,0.468898,-0.0870536,-0.878951,271.892,0,0,0,1
-0.0545875,-0.996348,0.0656533,-448.749,-0.877454,0.0164857,-0.479378,-413.389,0.476545,-0.0837758,-0.875149,271.892,0,0,0,1
-0.0409835,-0.996773,0.0690158,-449.996,-0.873995,0.00229028,-0.485929,-412.752,0.484203,-0.0802348,-0.871269,271.892,0,0,0,1
-0.0273968,-0.997005,0.0723204,-451.25,-0.870241,-0.0118098,-0.492485,-412.129,0.491864,-0.0764289,-0.86731,271.892,0,0,0,1
-0.0138285,-0.997044,0.0755666,-452.511,-0.866191,-0.025809,-0.499045,-411.521,0.499521,-0.0723564,-0.863274,271.892,0,0,0,1
-0.000281394,-0.996894,0.0787539,-453.779,-0.861849,-0.0396993,-0.505608,-410.926,0.507164,-0.0680163,-0.859161,271.892,0,0,0,1
0.0132433,-0.996554,0.0818815,-455.053,-0.857216,-0.0534739,-0.512173,-410.345,0.514786,-0.0634074,-0.85497,271.892,0,0,0,1
0.0267437,-0.996026,0.0849494,-456.333,-0.852294,-0.0671266,-0.518737,-409.778,0.522379,-0.0585289,-0.850703,271.892,0,0,0,1
0.0402178,-0.995312,0.0879567,-457.62,-0.847086,-0.0806497,-0.525301,-409.226,0.529933,-0.0533805,-0.846358,271.892,0,0,0,1
0.0536639,-0.994413,0.0909033,-458.913,-0.841593,-0.0940366,-0.531863,-408.688,0.53744,-0.0479619,-0.841937,271.892,0,0,0,1
0.0670811,-0.993329,0.0937889,-460.211,-0.835818,-0.107281,-0.538422,-408.164,0.544892,-0.0422728,-0.837439,271.892,0,0,0,1
0.0804674,-0.992064,0.0966132,-461.516,-0.829765,-0.120376,-0.544976,-407.654,0.552281,-0.0363135,-0.832867,271.892,0,0,0,1
0.0938216,-0.990617,0.0993753,-462.826,-0.823436,-0.133315,-0.551524,-407.159,0.559598,-0.0300845,-0.828218,271.892,0,0,0,1
0.107142,-0.988989,0.102075,-464.141,-0.816835,-0.14609,-0.558066,-406.678,0.566834,-0.0235868,-0.823493,271.892,0,0,0,1
0.120427,-0.987184,0.104713,-465.461,-0.809965,-0.158696,-0.564599,-406.212,0.573981,-0.0168212,-0.818695,271.892,0,0,0,1
0.133676,-0.9852,0.107288,-466.787,-0.802828,-0.171126,-0.571123,-405.761,0.581031,-0.00978851,-0.813822,271.892,0,0,0,1
0.146888,-0.98304,0.1098,-468.117,-0.79543,-0.183374,-0.577637,-405.324,0.587975,-0.00249085,-0.808875,271.892,0,0,0,1
0.160061,-0.980704,0.112249,-469.452,-0.787774,-0.195432,-0.584139,-404.902,0.594804,0.00507063,-0.803854,271.892,0,0,0,1
0.173194,-0.978193,0.114635,-470.792,-0.779864,-0.207294,-0.590627,-404.495,0.601511,0.0128936,-0.79876,271.892,0,0,0,1
0.186286,-0.975509,0.116956,-472.136,-0.771705,-0.218955,-0.597101,-404.102,0.608086,0.0209757,-0.793594,271.892,0,0,0,1
0.199336,-0.972652,0.119214,-473.485,-0.763301,-0.230406,-0.60356,-403.725,0.614522,0.0293149,-0.788354,271.892,0,0,0,1
0.212343,-0.969624,0.121408,-474.837,-0.754656,-0.241645,-0.610002,-403.362,0.62081,0.0379083,-0.783043,271.892,0,0,0,1
0.225305,-0.966424,0.123538,-476.194,-0.745775,-0.252662,-0.616426,-403.014,0.626942,0.0467526,-0.777661,271.892,0,0,0,1
0.238223,-0.963054,0.125603,-477.554,-0.736664,-0.263453,-0.62283,-402.681,0.63291,0.0558452,-0.772208,271.892,0,0,0,1
0.251095,-0.959514,0.127604,-478.918,-0.727328,-0.274012,-0.629214,-402.364,0.638706,0.0651821,-0.766685,271.892,0,0,0,1
0.263919,-0.955806,0.129541,-480.285,-0.717772,-0.284333,-0.635577,-402.061,0.644322,0.0747598,-0.761091,271.892,0,0,0,1
0.276696,-0.951929,0.131413,-481.655,-0.708001,-0.29441,-0.641916,-401.774,0.649749,0.0845746,-0.755429,271.892,0,0,0,1
0.289423,-0.947885,0.133221,-483.029,-0.698022,-0.304237,-0.648232,-401.501,0.65498,0.094622,-0.749698,271.892,0,0,0,1
0.302101,-0.943673,0.134964,-484.405,-0.68784,-0.31381,-0.654521,-401.244,0.660008,0.104898,-0.743898,271.892,0,0,0,1
0.314729,-0.939294,0.136643,-485.784,-0.677462,-0.323123,-0.660785,-401.002,0.664825,0.115397,-0.738032,271.892,0,0,0,1
0.327304,-0.934749,0.138258,-487.166,-0.666892,-0.332171,-0.66702,-400.775,0.669423,0.126115,-0.732098,271.892,0,0,0,1
0.325939,-0.943373,0.0617288,-483.535,-0.65754,-0.273128,-0.702169,-377.847,0.679268,0.188275,-0.709329,259.808,0,0,0,1
0.315222,-0.947102,0.0602699,-482.149,-0.666036,-0.266021,-0.696871,-378.073,0.676041,0.179527,-0.714659,259.808,0,0,0,1
0.304471,-0.950707,0.0587655,-480.765,-0.674405,-0.258729,-0.691547,-378.312,0.672663,0.170924,-0.719937,259.808,0,0,0,1
0.293687,-0.954188,0.0572151,-479.383,-0.682644,-0.251255,-0.686199,-378.564,0.669138,0.16247,-0.72516,259.808,0,0,0,1
0.282869,-0.957544,0.0556188,-478.004,-0.690749,-0.243601,-0.680827,-378.829,0.665471,0.154166,-0.73033,259.808,0,0,0,1
0.27202,-0.960776,0.0539763,-476.628,-0.698717,-0.23577,-0.675431,-379.107,0.661665,0.146017,-0.735444,259.808,0,0,0,1
0.261139,-0.963884,0.0522879,-475.254,-0.706543,-0.227765,-0.670014,-379.398,0.657726,0.138023,-0.740504,259.808,0,0,0,1
0.250228,-0.966865,0.0505534,-473.883,-0.714226,-0.219591,-0.664575,-379.702,0.653657,0.130188,-0.745508,259.808,0,0,0,1
0.239286,-0.969723,0.0487734,-472.514,-0.72176,-0.21125,-0.659117,-380.018,0.649464,0.122515,-0.750457,259.808,0,0,0,1
0.228315,-0.972455,0.0469473,-471.149,-0.729144,-0.202746,-0.653638,-380.347,0.645152,0.115004,-0.75535,259.808,0,0,0,1
0.217315,-0.97506,0.0450751,-469.787,-0.736374,-0.19408,-0.64814,-380.689,0.640724,0.107658,-0.760185,259.808,0,0,0,1
0.206288,-0.977539,0.0431574,-468.428,-0.743447,-0.185259,-0.642624,-381.044,0.636186,0.10048,-0.764965,259.808,0,0,0,1
0.195233,-0.979891,0.0411937,-467.073,-0.750359,-0.176283,-0.637091,-381.411,0.631542,0.093471,-0.769686,259.808,0,0,0,1
0.184151,-0.982116,0.0391847,-465.721,-0.757108,-0.167158,-0.631542,-381.792,0.626798,0.0866321,-0.774351,259.808,0,0,0,1
0.173044,-0.984214,0.0371298,-464.373,-0.763692,-0.157887,-0.625976,-382.184,0.621957,0.0799656,-0.778957,259.808,0,0,0,1
